StartTime: 2020-10-29 14:41:27.171
address	Time(s)	ax(g)	ay(g)	az(g)	wx(deg/s)	wy(deg/s)	wz(deg/s)	AngleX(deg)	AngleY(deg)	AngleZ(deg)	T(°)	hx	hy	hz
0x50	 14:45:44.285	0.7197	0.5918	0.3594	-0.1831	-0.1221	0.0000	59.0515	-46.1700	-41.3745	25.40	0	0	0
0x50	 14:45:44.384	0.7192	0.5903	0.3589	0.0000	-0.2441	0.0000	59.0350	-46.1591	-41.3690	25.42	0	0	0
0x50	 14:45:44.483	0.7173	0.5938	0.3584	0.0610	-0.1221	0.0000	59.0405	-46.1591	-41.3855	25.41	0	0	0
0x50	 14:45:44.591	0.7192	0.5913	0.3584	0.0000	0.0000	0.0000	59.0295	-46.1646	-41.4130	25.40	0	0	0
0x50	 14:45:44.682	0.7178	0.5918	0.3589	0.0000	-0.0610	-0.0610	59.0295	-46.1536	-41.4075	25.41	0	0	0
0x50	 14:45:44.782	0.7188	0.5918	0.3589	0.1221	0.0000	0.0000	59.0295	-46.1591	-41.4294	25.41	0	0	0
0x50	 14:45:44.881	0.7183	0.5923	0.3584	0.0610	-0.1221	0.0000	59.0186	-46.1536	-41.4294	25.41	0	0	0
0x50	 14:45:45.000	0.7188	0.5913	0.3584	0.0000	0.0000	-0.0610	59.0240	-46.1536	-41.4514	25.41	0	0	0
0x50	 14:45:45.080	0.7168	0.5933	0.3594	0.0610	0.0610	0.0000	59.0131	-46.1481	-41.4569	25.44	0	0	0
0x50	 14:45:45.179	0.7207	0.5898	0.3579	0.0000	-0.1221	0.0000	59.0131	-46.1591	-41.4844	25.41	0	0	0
0x50	 14:45:45.278	0.7168	0.5938	0.3584	0.0000	-0.0610	0.0000	59.0131	-46.1426	-41.4624	25.40	0	0	0
0x50	 14:45:45.378	0.7188	0.5903	0.3594	0.1221	0.0000	0.0000	59.0076	-46.1591	-41.5118	25.41	0	0	0
0x50	 14:45:45.478	0.7173	0.5938	0.3589	0.0000	0.0000	0.0000	59.0131	-46.1481	-41.5063	25.41	0	0	0
0x50	 14:45:45.584	0.7207	0.5889	0.3574	0.1221	0.0000	0.0000	59.0021	-46.1536	-41.5338	25.42	0	0	0
0x50	 14:45:45.676	0.7173	0.5938	0.3594	0.1221	0.0610	0.0000	59.0076	-46.1426	-41.5118	25.39	0	0	0
0x50	 14:45:45.776	0.7168	0.5923	0.3589	-0.6714	-0.8545	-0.0610	59.0021	-46.1591	-41.5668	25.40	0	0	0
0x50	 14:45:45.875	0.7217	0.5889	0.3584	0.9766	0.6714	0.1221	59.0186	-46.1481	-41.5778	25.38	0	0	0
0x50	 14:45:45.988	0.7158	0.5947	0.3594	-0.5493	-0.3662	-0.0610	58.9911	-46.1426	-41.5338	25.41	0	0	0
0x50	 14:45:46.074	0.7192	0.5894	0.3574	0.3052	-0.1831	0.0000	59.0021	-46.1536	-41.6052	25.39	0	0	0
0x50	 14:45:46.174	0.7188	0.5933	0.3594	-0.0610	0.0000	0.0000	59.0131	-46.1481	-41.5833	25.41	0	0	0
0x50	 14:45:46.273	0.7168	0.5913	0.3594	-0.1831	-0.1831	-0.1221	58.9801	-46.1481	-41.5997	25.43	0	0	0
0x50	 14:45:46.394	0.7188	0.5918	0.3599	0.3662	0.0000	0.0610	59.0186	-46.1536	-41.6327	25.40	0	0	0
0x50	 14:45:46.472	0.7178	0.5938	0.3569	-0.3052	-0.0610	0.0000	58.9966	-46.1426	-41.6217	25.38	0	0	0
0x50	 14:45:46.572	0.7188	0.5898	0.3584	0.0000	-0.6714	0.0000	59.0076	-46.1481	-41.6602	25.37	0	0	0
0x50	 14:45:46.671	0.7192	0.5933	0.3579	0.3052	0.3662	0.0000	59.0131	-46.1371	-41.6547	25.35	0	0	0
0x50	 14:45:46.770	0.7139	0.5879	0.3687	-0.7935	-0.8545	-0.0610	58.9801	-46.1426	-41.6766	25.38	0	0	0
0x50	 14:45:46.870	0.7202	0.5913	0.3584	1.4038	0.7324	0.1221	59.0295	-46.1426	-41.7151	25.41	0	0	0
0x50	 14:45:46.969	0.7144	0.5947	0.3623	-1.1597	-0.7324	-0.0610	58.9801	-46.1371	-41.6766	25.39	0	0	0
0x50	 14:45:47.068	0.7202	0.5859	0.3589	0.3052	-0.6104	0.0000	59.0021	-46.1536	-41.7645	25.41	0	0	0
0x50	 14:45:47.168	0.7163	0.5967	0.3618	0.3662	0.7935	0.0000	59.0186	-46.1261	-41.7041	25.41	0	0	0
0x50	 14:45:47.268	0.7178	0.5879	0.3618	-0.3052	-0.6714	-0.0610	58.9691	-46.1371	-41.7535	25.43	0	0	0
0x50	 14:45:47.367	0.7192	0.5933	0.3599	0.3662	0.0000	0.0610	59.0240	-46.1371	-41.7590	25.41	0	0	0
0x50	 14:45:47.466	0.7173	0.5918	0.3608	-0.4272	-0.0610	0.0000	58.9801	-46.1316	-41.7590	25.36	0	0	0
0x50	 14:45:47.566	0.7207	0.5889	0.3594	0.5493	-0.1221	0.0610	59.0021	-46.1371	-41.7920	25.41	0	0	0
0x50	 14:45:47.665	0.7148	0.5967	0.3599	-0.3052	0.0000	-0.0610	58.9966	-46.1261	-41.7700	25.39	0	0	0
0x50	 14:45:47.765	0.7197	0.5879	0.3589	0.1831	-0.3052	0.0000	58.9801	-46.1371	-41.8414	25.38	0	0	0
0x50	 14:45:47.864	0.7168	0.5942	0.3608	0.0000	0.0610	0.0000	59.0021	-46.1206	-41.7975	25.41	0	0	0
0x50	 14:45:47.964	0.7183	0.5903	0.3579	0.0000	-0.0610	0.0000	58.9691	-46.1261	-41.8359	25.40	0	0	0
0x50	 14:45:48.063	0.7173	0.5928	0.3608	0.0000	-0.2441	0.0000	58.9856	-46.1206	-41.8414	25.37	0	0	0
0x50	 14:45:48.163	0.7183	0.5913	0.3599	0.1221	0.1831	0.0000	58.9746	-46.1206	-41.8579	25.37	0	0	0
0x50	 14:45:48.262	0.7178	0.5918	0.3594	0.3662	0.0610	0.0000	58.9746	-46.1151	-41.8524	25.39	0	0	0
0x50	 14:45:48.361	0.7168	0.5928	0.3594	-0.3662	-0.4883	0.0000	58.9746	-46.1261	-41.8799	25.41	0	0	0
0x50	 14:45:48.461	0.7202	0.5889	0.3608	0.4883	0.3662	0.0000	58.9746	-46.1206	-41.9019	25.41	0	0	0
0x50	 14:45:48.561	0.7158	0.5952	0.3584	-0.1831	-0.2441	0.0000	58.9691	-46.1096	-41.8744	25.37	0	0	0
0x50	 14:45:48.660	0.7183	0.5903	0.3594	0.3052	-0.1221	0.0000	58.9691	-46.1206	-41.9403	25.42	0	0	0
0x50	 14:45:48.759	0.7188	0.5903	0.3623	-0.1831	-0.0610	-0.0610	58.9746	-46.1151	-41.9238	25.41	0	0	0
0x50	 14:45:48.859	0.7173	0.5938	0.3569	0.4272	0.2441	0.0610	58.9636	-46.1096	-41.9238	25.37	0	0	0
0x50	 14:45:48.958	0.7178	0.5908	0.3613	-0.7935	-0.9766	-0.0610	58.9526	-46.1206	-41.9623	25.37	0	0	0
0x50	 14:45:49.057	0.7188	0.5928	0.3589	1.0986	1.2207	0.0610	58.9636	-46.1096	-41.9733	25.37	0	0	0
0x50	 14:45:49.157	0.7168	0.5903	0.3608	-0.9766	-1.1597	-0.0610	58.9362	-46.1096	-41.9513	25.34	0	0	0
0x50	 14:45:49.256	0.7158	0.5952	0.3599	1.0376	0.6104	0.0610	58.9636	-46.1096	-42.0007	25.40	0	0	0
0x50	 14:45:49.356	0.7212	0.5879	0.3589	-0.9766	-0.9155	-0.0610	58.9581	-46.1206	-42.0227	25.41	0	0	0
0x50	 14:45:49.460	0.7158	0.5947	0.3589	0.7935	0.5493	0.0000	58.9526	-46.0986	-41.9897	25.42	0	0	0
0x50	 14:45:49.555	0.7192	0.5898	0.3608	-0.5493	-0.6714	-0.0610	58.9581	-46.1206	-42.0557	25.41	0	0	0
0x50	 14:45:49.654	0.7158	0.5952	0.3594	0.9766	0.7935	0.0000	58.9581	-46.1041	-42.0392	25.38	0	0	0
0x50	 14:45:49.754	0.7202	0.5889	0.3589	-0.4883	-0.5493	0.0000	58.9581	-46.1151	-42.0776	25.37	0	0	0
0x50	 14:45:49.866	0.7168	0.5942	0.3594	0.0000	0.0000	0.0000	58.9526	-46.1041	-42.0502	25.37	0	0	0
0x50	 14:45:49.952	0.7207	0.5889	0.3594	0.3052	0.0610	0.0610	58.9526	-46.1096	-42.0941	25.37	0	0	0
0x50	 14:45:50.052	0.7163	0.5923	0.3594	-0.3662	-0.1831	-0.0610	58.9471	-46.1041	-42.0612	25.37	0	0	0
0x50	 14:45:50.151	0.7144	0.6001	0.3574	0.8545	0.7935	-0.4883	58.9581	-46.1151	-42.1436	25.34	0	0	0
0x50	 14:45:50.269	0.7222	0.5840	0.3608	-1.9531	-1.6479	-0.2441	58.9581	-46.0931	-42.2040	25.34	0	0	0
0x50	 14:45:50.350	0.7168	0.5947	0.3589	1.2817	0.7324	0.1221	58.9911	-46.0657	-42.1490	25.41	0	0	0
0x50	 14:45:50.449	0.7163	0.5923	0.3594	-0.8545	-0.8545	-0.1221	58.9691	-46.0931	-42.2040	25.37	0	0	0
0x50	 14:45:50.549	0.7217	0.5859	0.3638	1.1597	0.6104	0.0000	58.9801	-46.0876	-42.2479	25.37	0	0	0
0x50	 14:45:50.648	0.7134	0.5967	0.3589	-1.4038	-0.7935	-0.1831	58.9691	-46.0712	-42.1710	25.34	0	0	0
0x50	 14:45:50.748	0.7202	0.5889	0.3589	1.6479	0.6714	0.1831	58.9746	-46.0986	-42.3083	25.34	0	0	0
0x50	 14:45:50.847	0.7158	0.5942	0.3613	-0.8545	-0.3662	-0.1221	58.9746	-46.0822	-42.2369	25.35	0	0	0
0x50	 14:45:50.946	0.7178	0.5898	0.3584	0.1221	-0.3052	0.0000	58.9471	-46.0876	-42.2864	25.37	0	0	0
0x50	 14:45:51.047	0.7188	0.5918	0.3618	0.3662	0.2441	0.0000	58.9801	-46.0822	-42.2919	25.39	0	0	0
0x50	 14:45:51.146	0.7163	0.5908	0.3613	-0.4883	-0.3662	-0.0610	58.9471	-46.0822	-42.2809	25.37	0	0	0
0x50	 14:45:51.245	0.7183	0.5918	0.3584	0.5493	0.0000	0.0610	58.9691	-46.0931	-42.3248	25.37	0	0	0
0x50	 14:45:51.345	0.7178	0.5918	0.3613	-0.1831	0.1221	0.0000	58.9526	-46.0876	-42.3248	25.36	0	0	0
0x50	 14:45:51.443	0.7183	0.5918	0.3564	0.0610	-0.3662	0.0610	58.9526	-46.0876	-42.3303	25.35	0	0	0
0x50	 14:45:51.544	0.7173	0.5928	0.3604	0.2441	0.0610	0.0000	58.9636	-46.0931	-42.3523	25.34	0	0	0
0x50	 14:45:51.659	0.7197	0.5908	0.3589	-0.1831	-0.1831	0.0000	58.9417	-46.0931	-42.3688	25.34	0	0	0
0x50	 14:45:51.742	0.7168	0.5928	0.3574	0.0000	-0.3052	0.0000	58.9417	-46.0931	-42.3633	25.34	0	0	0
0x50	 14:45:51.842	0.7183	0.5913	0.3618	0.0000	0.0000	0.0000	58.9526	-46.0986	-42.4017	25.37	0	0	0
0x50	 14:45:51.941	0.7188	0.5923	0.3584	0.4272	0.3052	0.0610	58.9417	-46.0876	-42.3907	25.39	0	0	0
0x50	 14:45:52.040	0.7148	0.5923	0.3633	-0.3662	-0.6714	-0.0610	58.9362	-46.0986	-42.4127	25.37	0	0	0
0x50	 14:45:52.140	0.7207	0.5889	0.3599	0.3052	0.1221	0.0000	58.9471	-46.0986	-42.4512	25.37	0	0	0
0x50	 14:45:52.239	0.7148	0.5942	0.3613	0.1831	0.2441	0.0000	58.9307	-46.0767	-42.4017	25.35	0	0	0
0x50	 14:45:52.339	0.7188	0.5898	0.3599	-0.1221	-0.4883	0.0000	58.9307	-46.1041	-42.4786	25.37	0	0	0
0x50	 14:45:52.439	0.7188	0.5913	0.3599	0.0000	0.0610	0.0000	58.9417	-46.0931	-42.4622	25.37	0	0	0
0x50	 14:45:52.538	0.7163	0.5928	0.3604	0.1221	0.0000	0.0000	58.9197	-46.0876	-42.4622	25.34	0	0	0
0x50	 14:45:52.638	0.7188	0.5908	0.3594	-0.0610	-0.3662	0.0000	58.9307	-46.1041	-42.5061	25.37	0	0	0
0x50	 14:45:52.737	0.7183	0.5923	0.3604	0.3052	0.3662	0.0000	58.9252	-46.0876	-42.4896	25.32	0	0	0
0x50	 14:45:52.836	0.7168	0.5903	0.3618	-0.2441	-0.4272	0.0000	58.9087	-46.0931	-42.5061	25.34	0	0	0
0x50	 14:45:52.935	0.7183	0.5918	0.3599	0.0610	-0.0610	0.0000	58.9197	-46.0931	-42.5336	25.35	0	0	0
0x50	 14:45:53.036	0.7183	0.5923	0.3589	-0.0610	0.0610	0.0000	58.9087	-46.0931	-42.5336	25.35	0	0	0
0x50	 14:45:53.135	0.7173	0.5918	0.3599	0.0000	-0.2441	-0.0610	58.9032	-46.0876	-42.5446	25.32	0	0	0
0x50	 14:45:53.234	0.7192	0.5913	0.3604	0.2441	0.2441	0.0000	58.9032	-46.0876	-42.5610	25.36	0	0	0
0x50	 14:45:53.334	0.7173	0.5908	0.3594	-0.1221	-0.3662	0.0610	58.8922	-46.0822	-42.5555	25.33	0	0	0
0x50	 14:45:53.433	0.7178	0.5903	0.3618	0.1831	0.0000	0.0000	58.9032	-46.0876	-42.5775	25.35	0	0	0
0x50	 14:45:53.532	0.7163	0.5933	0.3623	-0.1831	-0.1221	-0.0610	58.8922	-46.0931	-42.5885	25.36	0	0	0
0x50	 14:45:53.631	0.7197	0.5884	0.3594	0.2441	-0.0610	0.0000	58.8867	-46.0931	-42.6105	25.36	0	0	0
0x50	 14:45:53.748	0.7148	0.5938	0.3643	0.0000	-0.2441	0.0610	58.8977	-46.0876	-42.5940	25.34	0	0	0
0x50	 14:45:53.830	0.7202	0.5884	0.3599	0.0000	-0.1221	0.0000	58.8757	-46.1041	-42.6544	25.36	0	0	0
0x50	 14:45:53.930	0.7163	0.5942	0.3608	0.3662	0.1221	0.0000	58.8922	-46.0876	-42.6160	25.37	0	0	0
0x50	 14:45:54.030	0.7188	0.5894	0.3613	-0.0610	-0.2441	0.0610	58.8757	-46.1041	-42.6654	25.31	0	0	0
0x50	 14:45:54.129	0.7148	0.5938	0.3633	0.1831	0.0000	0.0000	58.8812	-46.0931	-42.6489	25.35	0	0	0
0x50	 14:45:54.229	0.7183	0.5884	0.3643	0.4883	0.1831	0.0610	58.8812	-46.0986	-42.6984	25.39	0	0	0
0x50	 14:45:54.332	0.7173	0.5908	0.3618	-0.4883	-0.1831	-0.1221	58.8757	-46.0876	-42.6709	25.39	0	0	0
0x50	 14:45:54.427	0.7163	0.5933	0.3579	0.0610	-0.3662	0.0000	58.8702	-46.0931	-42.7039	25.36	0	0	0
0x50	 14:45:54.527	0.7202	0.5879	0.3633	0.0000	-0.0610	0.1831	58.8812	-46.1041	-42.7423	25.37	0	0	0
0x50	 14:45:54.626	0.7158	0.5938	0.3599	0.0000	0.1831	-0.1221	58.8647	-46.0931	-42.6929	25.36	0	0	0
0x50	 14:45:54.739	0.7183	0.5889	0.3618	-0.3662	-0.7324	-0.0610	58.8647	-46.1151	-42.7533	25.33	0	0	0
0x50	 14:45:54.825	0.7173	0.5923	0.3613	0.9766	0.9766	0.0610	58.8812	-46.0986	-42.7423	25.35	0	0	0
0x50	 14:45:54.925	0.7168	0.5908	0.3604	-1.3428	-1.5259	-0.1221	58.8593	-46.1096	-42.7478	25.33	0	0	0
0x50	 14:45:55.024	0.7188	0.5898	0.3623	1.4038	0.9766	0.1221	58.8922	-46.1041	-42.7917	25.30	0	0	0
0x50	 14:45:55.145	0.7158	0.5923	0.3628	-0.7935	-0.4883	-0.1221	58.8593	-46.1041	-42.7643	25.34	0	0	0
0x50	 14:45:55.223	0.7173	0.5903	0.3589	0.3662	-0.3662	0.0610	58.8647	-46.1096	-42.8082	25.37	0	0	0
0x50	 14:45:55.323	0.7173	0.5918	0.3628	-0.0610	0.0000	0.0000	58.8757	-46.1041	-42.8137	25.35	0	0	0
0x50	 14:45:55.422	0.7192	0.5913	0.3579	0.8545	0.6104	0.5493	58.8428	-46.0931	-42.8082	25.31	0	0	0
0x50	 14:45:55.529	0.7163	0.5938	0.3589	-1.2817	-1.4038	-0.1221	58.8428	-46.1206	-42.7972	25.34	0	0	0
